Unnamed: 0
4182.98300253174
2343.053844570914
0
8135
TUCASEID
20220654537590.973
349119204.5935294
20220101220017
20221212222501
instore_goods_act
0.1677064447366756
0.5099070819768774
0
6
online_goods_act
0.18207287475674017
0.45484292237735985
0
5
instore_grocery_act
0.13069901094692096
0.3646843566938369
0
4
online_grocery_act
0.007975702892149442
0.09193143470930064
0
2
instore_food_act
0.12862676548245863
0.39449878993710186
0
6
online_food_act
0.03515633936727805
0.2220898575548658
0
3
instore_gen_act
0.2984054556835964
0.655580703305178
0
7
online_gen_act
0.19004857764888958
0.48311856201941866
0
5
choice_instore_goods
0.12672460881648895
0.33266421860177037
0
1
choice_online_goods
0.1604397129924395
0.3670133669074166
0
1
choice_instore_grocery
0.12253597969359814
0.32790381726235834
0
1
choice_online_grocery
0.007706054076100181
0.08744524462058807
0
1
choice_instore_food
0.11055372340945488
0.3135786945102687
0
1
choice_online_food
0.0290863524818973
0.16804861374460806
0
1
choice_instore_gen
0.22394885657206018
0.4168881939008365
0
1
choice_online_gen
0.1604397129924395
0.3670133669074166
0
1
TULINENO
0.9999999999999999
1.1102230246308235e-16
1
1
TEERN
1032.955371966532
7990.444599796072
-1
160000
TEERNWKP
10.02718359227123
21.311733389546003
-1
52
TEHRUSLT
23.641625008919192
22.13525507135751
-4
120
SCHTYP
0.1074121127021407
0.30963648161672114
0
1
TESCHFT
-0.768806223153706
0.6767906955409818
-1
2
TESCHLVL
-0.7224186562117844
0.8163226324902182
-1
2
TRDTIND1
19.47316501609109
19.048195389572268
-1
51
TRDTOCC1
6.855660416798086
8.231101980993923
-1
22
TRIMIND1
7.0815336704992955
7.522260003612955
-1
21
TRMJIND1
4.643963036573564
4.91359887322128
-1
13
TRMJOCC1
2.056147554263815
3.211537851624197
-1
10
TRNUMHOU
2.9317649654610154
1.5959088173726834
1
11
TUFINLWGT
21872158.83786482
19830207.337360848
1191504.814561
159839002.345507
CENSUS_R
2.659662075914912
1.0092730459634796
1
4
MSACAT
0.8572928034288504
0.34977400220599925
0
1
income_cls
2.5713629458545935
1.6994936281841868
0
5
HEHOUSUT
1.143845963769673
0.7909157831241704
1
12
HETENURE
1.2800699660040118
0.4643619031927371
1
3
HRHTYPE
2.738603794245606
2.295664609443326
1
10
HHSIZE
2.896085903934716
1.5750778659160611
1
11
EDUC
0.9567447827470446
0.8834313175468481
0
2
PESCHFT
-0.7947060387032303
0.6367148704606976
-1
2
PESCHLVL
-0.7452182322507015
0.7937737208412587
-1
2
R_SEX_IMP
0.4876235066497809
0.4998467989443393
0
1
R_AGE_C
2.440740335516558
1.098932530945862
0
4
R_RACE
1.2447888158045564
0.5888827181348043
0
3
WORKER
0.6168026574599358
0.48616575281760604
0
1
TRATUSR
0.9999999999999999
1.1102230246308235e-16
1
1
PRNMCHLD
0.4452958505370552
0.9086668832819851
0
7
income_est
0.909454149224723
0.6294004726798513
0.025
2.0
R_AGE
46.38836145341798
19.104769098310705
15
85
CHILD
0.23983052723260095
0.4269799122228052
0
1
income_cls_0
0.128551715098119
0.33470310970260625
0
1
income_cls_1
0.2015579271974017
0.40116371867721484
0
1
income_cls_2
0.18330947907256992
0.3869200356097387
0
1
income_cls_3
0.13416658803260495
0.3408312114368052
0
1
income_cls_4
0.16138515658228167
0.3678858353057039
0
1
income_cls_5
0.19102913401702243
0.3931119484005878
0
1
EDUC_0
0.41278856194357283
0.49233541927694413
0
1
EDUC_1
0.21767809336580807
0.4126673491278092
0
1
EDUC_2
0.36953334469061877
0.48267841453162363
0
1
R_AGE_C_0
0.05431277436588073
0.22663383883940647
0
1
R_AGE_C_1
0.10675056367852133
0.30879585624456307
0
1
R_AGE_C_2
0.39371353494930966
0.4885726019226467
0
1
R_AGE_C_3
0.2343298060857327
0.4235792110897173
0
1
R_AGE_C_4
0.21089332092055596
0.4079428000508831
0
1
R_RACE_0
0.015233815486926754
0.12248161638707321
0
1
R_RACE_1
0.79046753986103
0.4069749479866933
0
1
R_RACE_2
0.1285746580126021
0.33472856963618774
0
1
R_RACE_3
0.06572398663944097
0.2477989996353627
0
1
CENSUS_R_1
0.17201753912531564
0.3773956880517321
0
1
CENSUS_R_2
0.22134733660086642
0.4151538187013683
0
1
CENSUS_R_3
0.38159063350740363
0.4857769260980094
0
1
CENSUS_R_4
0.22504449076641453
0.417611623334265
0
1
choice_goods
2.58611106937458
0.7879407954977775
0
3
choice_grocery
2.7472219865367022
0.6625269750261674
0
3
choice_food
2.7498062006991906
0.663758065514562
0
3
choice_gen
2.3916625738634374
1.0911074281552229
0
3
