Unnamed: 0
8214.66220520662
4593.58743706731
0
16995
DRVRCNT
2.100099551843139
1.039455211544454
0
7
EDUC
0.8473972387780697
0.8422544019642845
0
2
HOUSEID
9000110248.038382
55841.18766735014
9000013002
9000218036
HHFAMINC
6.711834104030603
2.8067150589697722
1
11
HHSIZE
3.080519592432544
1.5819699847817896
1
10
HHVEHCNT
2.1262446249624967
1.2851968690026547
0
17
MSACAT
2.2823087880559827
0.8818712665306581
1
4
HH_HISP
0.17724661326229135
0.3818772737939729
0
1
HOMEOWN
0.4767182528899715
0.49945766765123867
0
1
HH_RACE
1.1822902913388635
0.6693713220692823
0
3
WRKCOUNT
1.3950353269424447
1.098981560956488
0
6
R_AGE
46.40044968365567
19.10176648083154
16
92
R_SEX_IMP
0.5008134218461812
0.49999933987188294
0
1
R_RACE_IMP
6.234946197114574
20.782777086165677
1
97
WORKER
0.5770517032708018
0.49402736413504217
0
1
DELIVER
4.416037885251056
7.405002638251639
0
99
DELIV_FOOD
0.6745430556635834
2.1881972377682084
0
59
DELIV_GOOD
3.4532305216209744
6.292128517643235
0
99
DELIV_GROC
0.34944002516447514
1.4089446774372791
0
30
WTPERFIN
49586.5516514885
66683.90685441635
83.82482682
673365.28796
URBRUR
0.817089276644355
0.38659331544955366
0
1
income_est
1.0838955110639632
0.9698833449115922
0.1
3.5
income_cls
2.6705854873740074
1.7424279019392486
0
5
R_AGE_C
2.4477591108579455
1.0610779051281025
0
4
R_RACE
1.1607417114916783
0.6671174184909253
0
3
EDUC_0
0.44264141862426487
0.4966990987004963
0
1
EDUC_1
0.2673199239733988
0.4425607115604578
0
1
EDUC_2
0.2900386574023364
0.4537799421224682
0
1
R_RACE_0
0.09651934780965388
0.2953021568509758
0
1
R_RACE_1
0.7047711619076094
0.45614556067361034
0
1
R_RACE_2
0.14015792126413718
0.3471508016804145
0
1
R_RACE_3
0.05855156901859698
0.23478348136281554
0
1
income_cls_0
0.14027806106964635
0.3472752904959067
0
1
income_cls_1
0.1747552855432501
0.3797576550894818
0
1
income_cls_2
0.1597723239682385
0.366394772454825
0
1
income_cls_3
0.13577692109614825
0.3425515282562889
0
1
income_cls_4
0.17813225100774763
0.38262403616752316
0
1
income_cls_5
0.2112851573149688
0.4082202109542096
0
1
R_AGE_C_0
0.03982354687061314
0.19554445074938154
0
1
R_AGE_C_1
0.11598298044799896
0.32020451171217157
0
1
R_AGE_C_2
0.40465837875966243
0.49082581098710515
0
1
R_AGE_C_3
0.23568100279627613
0.4244236902174407
0
1
R_AGE_C_4
0.20385409112544914
0.40286176493737147
0
1
adopt_food
0.1730664851969515
0.3783047419381757
0
1
adopt_good
0.5108546105289987
0.499882165071896
0
1
adopt_grc
0.10218765317061543
0.30289492777303656
0
1
